6277
80966
290746
6106
1590841
7029
104782
7159
7160
200361
224129
9646
890382
13333
61819
400682
80972
161767
64144
4615
8839
8840
29170
53326
51022
6313
334426
321387
6269
1529436
28377
7167
7173
41427
43041
1518534
139723
43151
7168
199890
69004
62324
7165
74869
34690
30066
112268
34691
74873
30069
217634
132585
37293
112090
157072
684658
7460
6500
223781
63677
81972
3702
50452
6252
6253
4686
344612
331117
332952
451804
330879
227321
5061
510516
341663
8154
7994
37344
2682772
12957
27457
174628
59916
9771
176275
315563
7038
3555
158456
753081
6526
43346
546991
132113
30195
7091
30521
30522
72004
9913
332648
15368
7740
3708
109376
3711
1813537
6279
6280
42155
465554
6326
860376
2301260
2654633
135651
6238
6239
1978547
281687
1503980
1611254
2301259
31234
1550068
1737332
1737333
1737334
1737335
1729975
1737336
1737337
1561998
9483
7868
90675
9838
237561
498019
1231522
284593
45357
578454
418784
294747
286419
9615
3483
283909
9925
4072
7957
1868482
51154
10141
2715852
218467
7213
9531
2874296
84702
69332
106734
63459
34839
3055
60711
9358
2769
8478
79782
7719
51511
3654
85681
79923
7950
252671
49390
1213859
645133
80884
1213857
29053
210143
13451
360336
32391
56716
93934
29159
6565
10029
8502
214684
3656
3659
7176
179676
280699
8103
71465
59895
244447
28743
7962
630221
278856
7955
35525
6669
9361
79200
9749
77166
151771
299321
543639
6956
50390
60516
13489
29172
352472
1965070
55577
288516
2018661
10020
6287
166010
166011
143948
675120
318479
7217
7220
7222
7227
7230
7234
46245
7238
7240
7244
7260
7245
519352
6210
6211
6212
9371
27848
1147741
8005
280463
294381
51028
7764
83772
9796
38414
110835
284811
9365
27687
8010
71139
72664
46835
6192
27845
9685
59894
3494
158441
8078
1318462
5127
5518
426428
1028729
660122
334819
8049
644352
130081
34638
9031
69293
48883
184922
1735272
1223557
1223558
431595
36090
31243
7395
37001
7396
37546
7398
67801
3847
637853
1825980
9595
29730
905079
82660
37629
44386
6289
6290
2598192
703951
8153
4232
34740
6339
6412
343691
10181
51029
97005
37862
109280
5037
442651
9606
112509
62062
266040
559515
6205
6087
6216
85433
7998
43179
35885
34615
6945
51337
51240
63787
644223
37003
56723
4236
215358
8187
8630
7897
77586
347515
72036
7918
7539
445787
985895
299467
6850
7574
42156
7209
225164
9785
7375
3871
7200
7654
9541
9544
9545
282301
644358
3750
9568
3983
3197
9994
205130
39758
106582
3880
36166
747676
9103
113334
6304
390850
298350
189291
6305
6306
6303
53468
10036
2138241
1250332
683840
30608
79684
27923
13616
40151
307658
68415
214687
10089
10090
10093
10103
10096
9669
59463
586833
35670
1026970
7425
51031
45351
452646
32507
367110
49451
27835
61853
9315
8663
105023
210225
9978
10160
37653
61180
158383
158386
387005
42157
6282
8019
8022
74940
166361
2015173
147828
6198
48498
48709
8128
9258
222816
9986
65489
4533
4538
40148
4528
40149
4536
4537
4529
39946
39947
123683
8090
30732
183150
141969
436017
30611
9940
6233
227884
591445
591449
55785
310955
206008
1504633
9597
9689
9691
74533
9598
3469
9555
34504
5888
1676925
1187980
6256
6257
321614
114398
131310
9157
121224
13735
6687
230844
7757
556484
273507
38626
3885
29031
13204
42100
3218
9755
403677
1284355
1254522
1317065
164328
67593
1223560
55513
3888
5823
31271
36329
5851
5855
2011161
46731
64176
48698
48699
8081
400727
9601
3694
37621
1195655
358040
1195656
1538716
1195657
1317128
1317129
54126
9813
1328070
379532
117903
42229
3755
3760
8673
183589
132908
1040990
418459
875184
630390
303518
42514
861557
426418
318829
242507
1223555
1223556
97700
10116
114890
28610
59479
61621
61622
6941
34632
13249
43146
102285
13658
74649
559292
62335
10224
39432
8030
8032
96440
283035
9305
52283
70667
6184
6186
6185
6182
6183
48269
31246
6188
653667
402676
483514
284812
79327
55149
113540
665079
52904
4550
88036
9135
41447
1841481
4182
48799
4555
4556
75366
143950
241478
4081
4113
13686
42254
4558
8175
8508
99802
999809
144197
407821
34508
52066
37863
90984
90986
35570
126957
2489341
7668
174720
34506
6248
75913
40348
441894
50429
9823
451379
60517
94034
6206
6204
59729
31033
45464
139649
2587831
312017
32264
99883
296543
103827
669202
3641
6832
6265
508771
88556
7070
45882
144512
6335
6336
268474
990121
6337
6334
92179
92180
181606
268475
157069
431241
413071
7493
10228
70415
68888
36087
57577
4565
85692
58933
4567
4572
5691
656061
37347
9739
9999
9643
29073
237631
109461
1202531
498257
30538
3914
3916
29760
29139
9627
6293
8364
8083
284591
4577
136037
336722
